239.355026, 491.200073, 679.599976, 179.923233, 178.770523, -142.813248, 2, 34
242.589996, 490.400024, 678.640076, 179.075851, -179.018326, -140.317413, 2, 34
245.610001, 489.600037, 678.320007, 178.109924, -176.761902, -138.044205, 2, 34
248.629990, 487.200012, 676.200012, 173.953247, -168.448532, -132.125809, 2, 34
250.574997, 485.600037, 674.820007, 172.198013, -163.916550, -134.095566, 2, 34
253.809998, 482.400055, 673.440063, 171.885880, -161.155640, -138.536484, 2, 34
256.829956, 480.800018, 673.160034, 172.468475, -160.182419, -143.127441, 2, 34
258.989960, 477.600037, 672.119934, 172.590775, -157.059311, -148.392120, 2, 34
260.505005, 475.200073, 671.399963, 172.596710, -154.628479, -151.376282, 2, 34
261.579987, 471.200043, 670.080017, 172.764481, -150.229126, -156.229065, 2, 34
264.384979, 468.400055, 670.640076, 173.433411, -146.787918, -160.903961, 2, 34
265.899994, 467.200012, 671.480042, 174.629929, -146.457535, -164.833115, 2, 34
267.629974, 462.400024, 671.479980, 176.421677, -142.641190, -171.656540, 2, 34
268.920013, 458.400024, 672.200012, 177.475555, -140.519577, -175.057495, 2, 34
271.294983, 455.200043, 673.719971, 177.718643, -140.774017, -175.670181, 2, 34
271.940002, 452.000031, 674.200012, 178.881882, -137.834946, -179.053955, 2, 34
271.940002, 447.200043, 674.840027, 2.946789, -47.784237, -8.371531, 2, 34
272.589996, 445.600037, 675.299988, 1.580349, -47.764511, -5.364923, 2, 34
272.809967, 440.399994, 675.660034, 179.666382, -129.816605, 178.814346, 2, 34
272.589996, 438.399994, 675.339966, 178.640625, -130.174438, -179.019684, 2, 34
273.455048, 434.400024, 676.420044, 177.761353, -131.382614, -177.039566, 2, 34
273.669983, 430.400024, 676.320007, 177.176758, -133.360321, -175.493484, 2, 34
273.455017, 427.200043, 675.700012, 175.869415, -134.653397, -172.258789, 2, 34
274.100006, 424.400024, 675.699951, 175.231140, -136.304413, -170.332184, 2, 34
274.529968, 420.400024, 675.480042, 176.023743, -139.856125, -171.341980, 2, 34
273.669983, 416.400024, 674.320007, 176.375885, -140.225037, -172.177246, 2, 34
274.529999, 413.600037, 674.546692, 177.413971, -141.288727, -174.746780, 2, 34
273.670013, 409.600037, 673.559998, 177.845779, -140.849442, -176.003128, 2, 34
274.314972, 405.600006, 673.719971, 178.561905, -140.699646, -177.966385, 2, 34
274.314972, 401.600006, 673.719910, 179.240341, -139.978943, -179.845886, 2, 34
274.959991, 398.400024, 674.280029, 179.725143, -140.154236, 178.867325, 2, 34
274.959961, 394.400024, 674.320007, 0.372834, -41.416374, -2.828153, 2, 34
274.959991, 389.600037, 674.400085, 0.435983, -45.455746, -2.891235, 2, 34
274.315002, 387.200043, 673.739990, 179.470322, -132.386459, 179.292709, 2, 34
273.669983, 383.200012, 673.599976, 179.769913, -131.448212, 178.617737, 2, 34
273.669983, 378.399994, 673.520020, 177.917435, -128.999664, -177.610275, 2, 34
273.670013, 376.000000, 673.000000, 177.218369, -128.408463, -176.250443, 2, 34
274.959991, 372.800049, 674.400085, 176.070496, -132.881088, -173.096558, 2, 34
274.959991, 368.000031, 673.160034, 173.860672, -130.539215, -168.890244, 2, 34
274.744995, 365.600006, 672.600037, 173.169769, -130.256058, -167.529343, 2, 34
274.744995, 362.399994, 671.660034, 172.522903, -130.965851, -165.935608, 2, 34
274.959961, 359.200073, 671.480042, 172.268051, -132.193253, -164.940857, 2, 34
274.959991, 355.200043, 670.200073, 172.053772, -133.187820, -164.081070, 2, 34
275.829987, 352.800018, 670.240051, 172.153229, -136.625229, -162.827072, 2, 34
275.829956, 349.600037, 669.479980, 172.287384, -137.993088, -162.512604, 2, 34
276.689972, 347.200012, 669.479919, 172.878067, -140.154144, -162.970276, 2, 34
276.689972, 343.200043, 668.200012, 172.884628, -140.264267, -162.933640, 2, 34
277.989990, 339.200012, 668.159973, 173.824356, -145.512589, -162.855621, 2, 34
277.989960, 337.600006, 667.400024, 174.006516, -144.168640, -164.103241, 2, 34
277.989960, 332.000031, 666.039978, 175.827469, -143.160736, -169.799454, 2, 34
279.494995, 329.600006, 666.739990, 177.010620, -146.977936, -172.183228, 2, 34
280.359955, 325.600037, 666.700012, 178.500015, -149.957291, -176.503021, 2, 34
280.359955, 321.600037, 666.679993, 0.203464, -35.500809, -2.472079, 2, 34
279.709991, 318.400024, 666.559998, 0.614153, -41.113056, -3.459635, 2, 34
280.579987, 315.200012, 667.359985, 0.576580, -41.235901, -3.357938, 2, 34
280.359955, 310.400024, 667.280029, 179.047180, -135.213760, -179.623322, 2, 34
280.579956, 308.800018, 667.280090, 178.292923, -134.683563, -177.892426, 2, 34
281.726654, 304.266693, 668.186646, 177.862762, -137.629410, -176.515991, 2, 34
281.654968, 301.600037, 668.080017, 178.336151, -137.686417, -177.695312, 2, 34
282.515015, 299.200043, 668.760010, 178.278961, -141.899612, -177.045212, 2, 34
280.359985, 296.400024, 666.630005, 178.909500, -136.279190, -179.229385, 2, 34
279.494995, 293.600037, 665.580017, 179.854431, -137.434692, 178.490875, 2, 34
279.709961, 290.399994, 666.080017, 179.955414, -138.909683, 178.245499, 2, 34
280.359955, 285.600037, 666.640015, 0.115353, -36.890324, -2.196235, 2, 34
279.709961, 284.000000, 666.000000, 0.651180, -37.098400, -3.737657, 2, 34
279.280029, 281.600037, 665.960022, 0.914497, -35.714996, -4.597273, 2, 34
279.494965, 276.400024, 666.619995, 0.970424, -32.031250, -5.093901, 2, 34
277.553284, 273.600037, 665.440063, 1.562067, -31.764103, -7.112499, 2, 34
275.829956, 271.200073, 665.119995, 1.728183, -29.048119, -8.204245, 2, 34
276.474976, 269.600037, 665.500000, 1.673052, -28.977926, -8.016150, 2, 34
276.474945, 268.400024, 665.380005, 1.774160, -27.989561, -8.612953, 2, 34
274.816650, 264.266663, 665.279968, 2.215406, -25.235909, -11.180381, 2, 34
271.294983, 263.200012, 663.840027, 1.853297, -18.970928, -12.068411, 2, 34
268.919983, 260.000031, 664.000000, 1.587495, -15.177908, -12.587825, 2, 34
269.779999, 256.000000, 665.080017, 2.169168, -18.723969, -13.954490, 2, 34
269.565002, 251.200012, 666.160034, 2.396039, -19.184389, -14.918372, 2, 34
268.059998, 249.600037, 665.960022, 2.269507, -17.944542, -15.020104, 2, 34
265.684998, 246.400009, 666.099976, 2.026369, -16.198074, -14.770350, 2, 34
264.385010, 244.399994, 666.089966, 2.024055, -15.305209, -15.437650, 2, 34
263.524963, 240.000015, 667.400024, 2.690611, -17.083363, -18.167828, 2, 34
262.446686, 236.000015, 668.213318, 3.258957, -17.608635, -21.033167, 2, 34
262.010010, 233.600021, 668.920044, 3.842660, -17.623186, -24.384897, 2, 34
259.640015, 229.600037, 670.300049, 4.443253, -16.759111, -29.004673, 2, 34
255.969986, 228.000015, 670.240051, 3.267611, -13.767512, -25.828289, 2, 34
252.520004, 224.400024, 670.519958, 2.126844, -11.536304, -20.196566, 2, 34
252.520004, 221.600037, 671.546692, 2.925585, -14.962185, -21.833384, 2, 34
249.496658, 219.200012, 671.680054, 2.249758, -13.040278, -19.270542, 2, 34
248.415009, 215.200012, 672.700012, 3.630090, -15.380254, -25.939770, 2, 34
245.394974, 212.399994, 673.440063, 3.974052, -12.744413, -32.831661, 2, 34
241.509995, 210.400009, 674.119995, 3.024360, -8.954708, -33.879211, 2, 34
238.709991, 209.600021, 674.120056, 1.767773, -5.019248, -31.786306, 2, 34
236.979980, 205.600006, 676.520020, 2.939518, -7.976104, -36.054050, 2, 34
232.445007, 205.600021, 675.719971, 2.150791, -7.711735, -27.863317, 2, 34
229.639984, 204.000015, 676.320007, 2.056923, -7.361623, -27.702641, 2, 34
226.404984, 202.400009, 676.600037, 1.480707, -4.364732, -29.728642, 2, 34
222.300003, 196.800018, 686.719971, 179.931931, 178.229263, 137.431702, 2, 34
222.300003, 196.800018, 686.719971, 179.931931, 178.229263, 137.431702, 2, 34
221.654999, 196.800018, 686.960022, 179.968201, 178.325943, 137.737030, 2, 34
221.654999, 196.800018, 686.960022, 179.968201, 178.325943, 137.737030, 2, 34
218.635010, 196.800003, 686.940063, 0.993282, -1.166228, -41.592106, 2, 34
212.589966, 203.199997, 677.479980, 179.464218, 176.914856, 138.678574, 2, 34
212.369995, 201.600006, 679.160034, 0.286965, 0.860118, -45.274288, 2, 34
209.565002, 207.200043, 674.840027, 179.057114, 174.852936, 148.223267, 2, 34
207.410004, 208.399994, 674.220032, 178.343216, 172.146332, 148.400299, 2, 34
205.469971, 212.000000, 672.440002, 178.584396, 172.372543, 151.585449, 2, 34
203.524979, 215.200012, 671.260071, 178.871811, 171.765472, 158.626541, 2, 34
201.364975, 218.399994, 670.680054, 179.000336, 171.113358, 162.274384, 2, 34
199.639984, 220.400009, 670.450012, 178.989532, 171.396317, 161.478821, 2, 34
199.639984, 224.000031, 669.260010, 179.407761, 173.954315, 162.551437, 2, 34
198.559998, 227.200012, 668.559998, 179.288055, 173.731766, 160.447342, 2, 34
195.970001, 229.600021, 667.919983, 178.712830, 171.315491, 157.369324, 2, 34
193.594986, 232.399994, 667.300049, 178.390656, 169.049911, 158.486954, 2, 34
193.594971, 239.199997, 665.219971, 179.044586, 169.503815, 165.646942, 2, 34
192.519989, 236.400024, 666.273438, 178.695328, 168.245285, 163.333252, 2, 34
192.519989, 243.200012, 664.640015, 179.020157, 168.199951, 166.953064, 2, 34
190.574997, 246.400009, 664.459961, 178.947815, 165.198318, 168.858963, 2, 34
188.199982, 249.600006, 665.000000, 179.133652, 163.304245, 171.401947, 2, 34
188.415009, 251.200012, 664.440002, 179.029526, 162.395737, 171.051849, 2, 34
187.483322, 256.266693, 664.213379, 179.201019, 159.154968, 173.247086, 2, 34
186.039978, 253.600037, 665.000000, 179.293930, 160.815292, 173.378738, 2, 34
187.339981, 258.400024, 664.039978, 179.320038, 157.847061, 174.209091, 2, 34
185.179993, 261.600006, 665.000000, 179.788101, 155.544937, 176.899475, 2, 34
184.535004, 266.399994, 665.140076, 0.390656, 26.613224, -0.306799, 2, 34
183.449982, 269.600037, 665.813354, 0.791265, 27.482044, 1.362230, 2, 34
183.535995, 272.480011, 665.848022, 0.931233, 29.184612, 1.714746, 2, 34
183.234985, 276.799988, 666.460022, 1.331773, 31.789124, 2.853446, 2, 34
183.234985, 281.600037, 666.540039, 1.909386, 33.559425, 4.565337, 2, 34
184.320007, 284.000000, 666.400024, 2.018625, 33.945164, 4.854846, 2, 34
183.234985, 288.400024, 667.200012, 2.129821, 34.041042, 5.210455, 2, 34
184.320007, 292.400024, 667.140015, 2.462213, 35.754902, 5.896260, 2, 34
184.320007, 295.200043, 667.280090, 2.425320, 35.803627, 5.766285, 2, 34
185.179977, 299.200012, 667.200012, 1.920062, 35.739941, 4.159677, 2, 34
185.394974, 303.200043, 667.179993, 0.665328, 34.548752, 0.203024, 2, 34
185.394974, 305.600037, 667.219971, 0.185721, 33.593494, -1.384014, 2, 34
185.394989, 309.600006, 667.200073, 0.243975, 30.357817, -1.093426, 2, 34
186.473297, 313.600006, 666.559998, 1.543316, 29.246325, 4.164837, 2, 34
187.554977, 317.600037, 666.559998, 2.918198, 28.851999, 9.839019, 2, 34
188.414993, 322.399994, 667.299988, 4.112551, 28.795288, 14.682330, 2, 34
189.279984, 324.399994, 667.250000, 4.934820, 30.629929, 16.678854, 2, 34
189.059998, 328.800018, 669.239990, 4.612126, 26.715618, 18.254673, 2, 34
191.220001, 332.800018, 669.239990, 7.105834, 33.543907, 22.205196, 2, 34
192.089981, 336.399994, 670.079956, 7.966719, 34.544426, 24.208778, 2, 34
192.627487, 340.200012, 671.550049, 8.083002, 34.163582, 24.897202, 2, 34
193.380005, 342.399994, 672.080017, 8.923339, 36.240734, 25.780798, 2, 34
194.239990, 346.399994, 673.400085, 8.462034, 35.268261, 25.173479, 2, 34
195.109985, 349.600006, 674.119995, 7.349397, 32.927002, 23.515667, 2, 34
196.399994, 353.600037, 674.640076, 6.926943, 34.880592, 20.634178, 2, 34
196.399994, 356.800018, 676.080078, 5.385278, 33.096645, 16.716009, 2, 34
197.270004, 359.200043, 676.080078, 5.394878, 34.641628, 15.838684, 2, 34
197.699982, 364.400024, 676.900024, 3.201768, 33.577141, 8.999855, 2, 34
198.130005, 368.000031, 677.200012, 2.159656, 34.791714, 5.137900, 2, 34
198.559998, 370.399994, 676.760071, 1.771073, 35.910267, 3.651219, 2, 34
198.344986, 374.400024, 677.459961, 0.745016, 33.203381, 0.578217, 2, 34
198.344986, 377.600037, 677.420044, 179.471375, 146.821259, 176.124329, 2, 34
198.344986, 381.600067, 677.200012, 178.621628, 145.453552, 173.369232, 2, 34
198.559982, 384.400024, 676.560120, 177.829987, 138.423492, 172.105576, 2, 34
198.273315, 388.266724, 676.533386, 178.110336, 138.618668, 172.837448, 2, 34
198.129990, 391.200012, 676.200012, 177.827347, 139.300720, 171.952301, 2, 34
198.345001, 395.200012, 675.459961, 178.501724, 138.771759, 173.886963, 2, 34
198.344986, 397.600037, 675.380005, 178.820328, 138.815002, 174.755737, 2, 34
197.269989, 401.600037, 676.080017, 179.669022, 142.083939, 176.988693, 2, 34
197.269989, 405.600006, 676.000000, 0.173800, 38.414513, -1.496396, 2, 34
196.614975, 410.399994, 676.419983, 1.578780, 40.158379, 2.449017, 2, 34
195.755005, 413.600037, 677.419983, 2.753747, 40.342491, 5.720146, 2, 34
195.253326, 416.533386, 678.106689, 2.941406, 41.454174, 5.997365, 2, 34
194.239990, 420.799988, 680.040039, 2.148208, 39.834446, 4.109739, 2, 34
194.240005, 424.000000, 680.000061, 1.156433, 42.834892, 1.031096, 2, 34
193.594986, 427.200043, 680.339966, 179.991882, 138.840363, 177.970825, 2, 34
193.380005, 430.399994, 680.679993, 178.210159, 138.314178, 173.150665, 2, 34
192.735001, 433.600006, 680.500000, 177.463318, 139.159424, 170.970337, 2, 34
192.949997, 437.600037, 679.599976, 176.667236, 136.553116, 169.404465, 2, 34
192.949982, 440.800018, 678.840027, 176.824600, 136.495071, 169.821609, 2, 34
192.735001, 445.600037, 678.520020, 178.146210, 140.263992, 172.694000, 2, 34
192.949982, 448.800018, 677.880066, 178.824982, 140.394073, 174.619202, 2, 34
193.809982, 452.399994, 676.839966, 0.251187, 39.899410, -1.294638, 2, 34
195.110001, 456.399994, 676.099976, 2.355461, 39.398373, 4.781930, 2, 34
195.453979, 460.479980, 676.320007, 3.398270, 36.107563, 8.773865, 2, 34
197.269989, 462.400024, 675.400024, 5.003816, 37.149525, 13.335283, 2, 34
198.130005, 467.200043, 676.080017, 6.261529, 33.804375, 19.212074, 2, 34
200.289993, 470.399994, 676.119934, 7.884336, 32.847980, 25.383224, 2, 34
201.364990, 473.600006, 676.760010, 7.786211, 30.265682, 27.510155, 2, 34
203.524979, 477.600037, 678.080078, 7.992859, 26.670084, 32.531700, 2, 34
205.684998, 479.200043, 677.559998, 9.332446, 27.124115, 37.244057, 2, 34
209.349991, 482.400024, 678.119995, 8.894225, 23.495695, 41.385960, 2, 34
212.589981, 484.799988, 678.180115, 7.896605, 20.801199, 41.960743, 2, 34
215.399979, 487.200043, 679.440063, 4.852554, 13.496859, 41.711098, 2, 34
219.494965, 489.600006, 680.599976, 2.405108, 8.593575, 35.128895, 2, 34
222.300003, 490.400024, 680.359924, 2.285682, 7.877627, 37.090981, 2, 34
225.540009, 491.200073, 680.919983, 0.919785, 4.246120, 34.313381, 2, 34
230.503326, 492.000000, 680.813354, 0.942342, 4.042191, 37.937588, 2, 34
233.526657, 492.000000, 680.733337, 0.290324, 2.226927, 38.972237, 2, 34
